<?xml version="1.0" encoding="UTF-8" standalone="no" ?>
<SimscapeMultibodyImportXML version="2.0" xmlns="urn:mathworks:SimscapeMultibody:import" xmlns:xsi="http://www.w3.org/2001/XMLSchema-instance">
<Created by="" on="04/16/24||13:01:24" using="Simscape Multibody Link Version 7.4" from="SolidWorks 31.2.1"/>
<ModelUnits mass="kilogram" length="millimeter"/>
<DataUnits mass="kilogram" length="meter"/>
<RootAssembly name="" uid="" version="104">
<AssemblyFile name="" type="SolidWorks Assembly"/>
<InstanceTree>
<Instance name="GENERIC-02-17-0000-ADM-0000-MotionBaseClean.stp-1" uid="GENERIC-02-17-0000-ADM-0000-MotionBaseClean.stp-1" grounded="true" entityUid="GENERIC-02-17-0000-ADM-0000-MotionBaseClean.stp" rigid="true">
<Transform>
<Rotation>1 0 0 0 1 0 0 0 1</Rotation>
<Translation>0 0 0</Translation>
</Transform>
<Instance name="02-1400-ADM-Lower Joints Assy.iam (LevelofDetail1).stp-1" uid="02-1400-ADM-Lower Joints Assy.iam (LevelofDetail1).stp-1" grounded="true" entityUid="02-1400-ADM-Lower Joints Assy.iam (LevelofDetail1).stp" rigid="true">
<Transform>
<Rotation>1 0 0 0 1 0 0 0 1</Rotation>
<Translation>0 0 0.25</Translation>
</Transform>
<Instance name="DIN EN 24032 M20.stp-4" uid="DIN EN 24032 M20.stp-4" grounded="true" entityUid="DIN EN 24032 M20.stp*:*Default">
<Transform>
<Rotation>-5e-15 0 -1 -1.0000000000000001e-15 1 0 1 1.0000000000000001e-15 -5e-15</Rotation>
<Translation>-2.9951650000000001 0.23999999999999999 -0.061008720684412987</Translation>
</Transform>
</Instance>
<Instance name="DIN EN 24032 M20.stp-2" uid="DIN EN 24032 M20.stp-2" grounded="true" entityUid="DIN EN 24032 M20.stp*:*Default">
<Transform>
<Rotation>-5e-15 0 -1 -1.0000000000000001e-15 1 0 1 1.0000000000000001e-15 -5e-15</Rotation>
<Translation>-2.9951649999999979 -0.23999999999999999 -0.061008720684412987</Translation>
</Transform>
</Instance>
<Instance name="03-21-1320-PDM-Threaded Rod.stp-4" uid="03-21-1320-PDM-Threaded Rod.stp-4" grounded="true" entityUid="03-21-1320-PDM-Threaded Rod.stp*:*Default">
<Transform>
<Rotation>0.093710813134408044 0.99559945937193439 -2.9867983781158044e-15 -0.99559945937193439 0.093710813134408044 -2.8113243940322421e-16 0 3.000000000000001e-15 1</Rotation>
<Translation>-2.9951650000000001 0.23999999999999999 -0.22500000000000001</Translation>
</Transform>
</Instance>
<Instance name="03-21-1320-PDM-Threaded Rod.stp-1" uid="03-21-1320-PDM-Threaded Rod.stp-1" grounded="true" entityUid="03-21-1320-PDM-Threaded Rod.stp*:*Default">
<Transform>
<Rotation>0.093710813134408044 0.99559945937193439 -2.9867983781158044e-15 -0.99559945937193439 0.093710813134408044 -2.8113243940322421e-16 0 3.000000000000001e-15 1</Rotation>
<Translation>-2.2951649999999981 -0.23999999999999699 -0.22499999999999901</Translation>
</Transform>
</Instance>
<Instance name="DIN 582 M20.stp-2" uid="DIN 582 M20.stp-2" grounded="true" entityUid="DIN 582 M20.stp*:*Default">
<Transform>
<Rotation>-5e-15 -1 2.9999999999999998e-15 -1.0000000000000001e-15 -2.9999999999999998e-15 -1 1 -5e-15 0</Rotation>
<Translation>-2.9951649999999979 -0.23999999999999999 -0.043008720684412999</Translation>
</Transform>
</Instance>
<Instance name="DIN EN 24032 M20.stp-1" uid="DIN EN 24032 M20.stp-1" grounded="true" entityUid="DIN EN 24032 M20.stp*:*Default">
<Transform>
<Rotation>-5e-15 0 -1 -1.0000000000000001e-15 1 0 1 1.0000000000000001e-15 -5e-15</Rotation>
<Translation>-2.2951649999999981 -0.23999999999999699 -0.061008720684411988</Translation>
</Transform>
</Instance>
<Instance name="03-21-1320-PDM-Threaded Rod.stp-2" uid="03-21-1320-PDM-Threaded Rod.stp-2" grounded="true" entityUid="03-21-1320-PDM-Threaded Rod.stp*:*Default">
<Transform>
<Rotation>0.093710813134408044 0.99559945937193439 -2.9867983781158044e-15 -0.99559945937193439 0.093710813134408044 -2.8113243940322421e-16 0 3.000000000000001e-15 1</Rotation>
<Translation>-2.995164999999997 -0.23999999999999999 -0.225000000000001</Translation>
</Transform>
</Instance>
<Instance name="DIN 582 M20.stp-1" uid="DIN 582 M20.stp-1" grounded="true" entityUid="DIN 582 M20.stp*:*Default">
<Transform>
<Rotation>-5e-15 -1 2.9999999999999998e-15 -1.0000000000000001e-15 -2.9999999999999998e-15 -1 1 -5e-15 0</Rotation>
<Translation>-2.2951649999999981 -0.23999999999999699 -0.043008720684412</Translation>
</Transform>
</Instance>
<Instance name="DIN 582 M20.stp-3" uid="DIN 582 M20.stp-3" grounded="true" entityUid="DIN 582 M20.stp*:*Default">
<Transform>
<Rotation>-5e-15 -1 2.9999999999999998e-15 -1.0000000000000001e-15 -2.9999999999999998e-15 -1 1 -5e-15 0</Rotation>
<Translation>-2.2951649999999999 0.24000000000000299 -0.043008720684412</Translation>
</Transform>
</Instance>
<Instance name="DIN 582 M20.stp-4" uid="DIN 582 M20.stp-4" grounded="true" entityUid="DIN 582 M20.stp*:*Default">
<Transform>
<Rotation>-5e-15 -1 2.9999999999999998e-15 -1.0000000000000001e-15 -2.9999999999999998e-15 -1 1 -5e-15 0</Rotation>
<Translation>-2.9951650000000001 0.23999999999999999 -0.043008720684412999</Translation>
</Transform>
</Instance>
<Instance name="03-21-1320-PDM-Threaded Rod.stp-3" uid="03-21-1320-PDM-Threaded Rod.stp-3" grounded="true" entityUid="03-21-1320-PDM-Threaded Rod.stp*:*Default">
<Transform>
<Rotation>0.093710813134408044 0.99559945937193439 -2.9867983781158044e-15 -0.99559945937193439 0.093710813134408044 -2.8113243940322421e-16 0 3.000000000000001e-15 1</Rotation>
<Translation>-2.295164999999999 0.24000000000000299 -0.22499999999999901</Translation>
</Transform>
</Instance>
<Instance name="DIN EN 24032 M20.stp-3" uid="DIN EN 24032 M20.stp-3" grounded="true" entityUid="DIN EN 24032 M20.stp*:*Default">
<Transform>
<Rotation>-5e-15 0 -1 -1.0000000000000001e-15 1 0 1 1.0000000000000001e-15 -5e-15</Rotation>
<Translation>-2.295164999999999 0.24000000000000299 -0.061008720684411988</Translation>
</Transform>
</Instance>
<Instance name="3-134056_CARDANHUIS_A_SW0002.stp-1" uid="3-134056_CARDANHUIS_A_SW0002.stp-1" grounded="true" entityUid="3-134056_CARDANHUIS_A_SW0002.stp*:*Default">
<Transform>
<Rotation>0 1 0 1 0 2.0000000000000002e-15 2.0000000000000002e-15 0 -1</Rotation>
<Translation>-2.7563650000000011 -0.1143 0</Translation>
</Transform>
</Instance>
<Instance name="03-21-1320-ADM-Lower Cardan Baseplate.stp-2" uid="03-21-1320-ADM-Lower Cardan Baseplate.stp-2" grounded="true" entityUid="03-21-1320-ADM-Lower Cardan Baseplate.stp" rigid="true">
<Transform>
<Rotation>0.50000000000000289 0.86602540378443693 5.000000000000028e-16 -0.86602540378443693 0.50000000000000289 -8.6602540378443687e-16 -9.9999999999999988e-16 0 0.99999999999999989</Rotation>
<Translation>0.84814902337989995 -1.9421802057500239 0.12596630721720403</Translation>
</Transform>
<Instance name="03-21-1320-PDM-Base Plate.stp-1" uid="03-21-1320-PDM-Base Plate.stp-1" grounded="true" entityUid="03-21-1320-PDM-Base Plate.stp*:*Default">
<Transform>
<Rotation>1 0 0 0 1 0 0 0 1</Rotation>
<Translation>0.14965468667949899 -0.13132658480585313 -0.3509663072172029</Translation>
</Transform>
</Instance>
<Instance name="03-21-1320-PDM-Midplate.stp-1" uid="03-21-1320-PDM-Midplate.stp-1" grounded="true" entityUid="03-21-1320-PDM-Midplate.stp*:*Default">
<Transform>
<Rotation>-2.0539125955565396e-15 0.99999999999999989 1.9999999999999994e-15 -0.99999999999999989 -2.0539125955565396e-15 0 0 -1.9999999999999998e-15 0.99999999999999978</Rotation>
<Translation>0.56289071760643328 0.46766739334922292 -0.30096630721720291</Translation>
</Transform>
</Instance>
</Instance>
<Instance name="03-21-1320-ADM-Lower Cardan Baseplate.stp-3" uid="03-21-1320-ADM-Lower Cardan Baseplate.stp-3" grounded="true" entityUid="03-21-1320-ADM-Lower Cardan Baseplate.stp" rigid="true">
<Transform>
<Rotation>0.49999999999999711 -0.86602540378444026 4.9999999999999728e-16 0.86602540378444026 0.49999999999999711 8.6602540378444052e-16 -1.0000000000000003e-15 0 0.99999999999999989</Rotation>
<Translation>1.2579028852168579 1.705608703316966 0.12596630721720403</Translation>
</Transform>
<Instance name="03-21-1320-PDM-Base Plate.stp-1" uid="03-21-1320-PDM-Base Plate.stp-1" grounded="true" entityUid="03-21-1320-PDM-Base Plate.stp*:*Default">
<Transform>
<Rotation>1 0 0 0 1 0 0 0 1</Rotation>
<Translation>0.14965468667949899 -0.13132658480585313 -0.3509663072172029</Translation>
</Transform>
</Instance>
<Instance name="03-21-1320-PDM-Midplate.stp-1" uid="03-21-1320-PDM-Midplate.stp-1" grounded="true" entityUid="03-21-1320-PDM-Midplate.stp*:*Default">
<Transform>
<Rotation>-1.9984014443252818e-15 0.99999999999999989 1.9999999999999994e-15 -0.99999999999999989 -1.9984014443252818e-15 0 0 -1.9999999999999994e-15 0.99999999999999989</Rotation>
<Translation>0.56289071760643328 0.4676673933492228 -0.30096630721720291</Translation>
</Transform>
</Instance>
</Instance>
<Instance name="3-134056_CARDAN_STEUN.stp-1" uid="3-134056_CARDAN_STEUN.stp-1" grounded="true" entityUid="3-134056_CARDAN_STEUN.stp*:*Default">
<Transform>
<Rotation>0 -1 0 1 0 0 0 0 1</Rotation>
<Translation>-2.6093649999999982 -0.1143 0</Translation>
</Transform>
</Instance>
<Instance name="03-21-1320-ADM-Lower Cardan Baseplate.stp-1" uid="03-21-1320-ADM-Lower Cardan Baseplate.stp-1" grounded="true" entityUid="03-21-1320-ADM-Lower Cardan Baseplate.stp" rigid="true">
<Transform>
<Rotation>-1 2.9999999999999998e-15 -1.0000000000000001e-15 -2.9999999999999998e-15 -1 0 -1.0000000000000001e-15 0 1</Rotation>
<Translation>-2.1060519085967582 0.236571502433056 0.12596630721720403</Translation>
</Transform>
<Instance name="03-21-1320-PDM-Base Plate.stp-1" uid="03-21-1320-PDM-Base Plate.stp-1" grounded="true" entityUid="03-21-1320-PDM-Base Plate.stp*:*Default">
<Transform>
<Rotation>1 0 0 0 1 0 0 0 1</Rotation>
<Translation>0.14965468667949944 -0.13132658480585299 -0.35096630721720301</Translation>
</Transform>
</Instance>
<Instance name="03-21-1320-PDM-Midplate.stp-1" uid="03-21-1320-PDM-Midplate.stp-1" grounded="true" entityUid="03-21-1320-PDM-Midplate.stp*:*Default">
<Transform>
<Rotation>-2.0000000000000002e-15 1 2.0000000000000002e-15 -1 -2.0000000000000002e-15 0 0 -2.0000000000000002e-15 1</Rotation>
<Translation>0.56289071760643328 0.46766739334922303 -0.30096630721720302</Translation>
</Transform>
</Instance>
</Instance>
<Instance name="3-134056_CARDANHUIS_A_SW0002.stp-2" uid="3-134056_CARDANHUIS_A_SW0002.stp-2" grounded="true" entityUid="3-134056_CARDANHUIS_A_SW0002.stp*:*Default">
<Transform>
<Rotation>0 1 -1.0000000000000001e-15 -1 0 -2.0000000000000002e-15 -2.0000000000000002e-15 1.0000000000000001e-15 1</Rotation>
<Translation>-2.756365000000002 0.1143 0</Translation>
</Transform>
</Instance>
<Instance name="3-134056_CARDANHUIS_A_SW0002.stp-3" uid="3-134056_CARDANHUIS_A_SW0002.stp-3" grounded="true" entityUid="3-134056_CARDANHUIS_A_SW0002.stp*:*Default">
<Transform>
<Rotation>-0.86602540378443926 -0.49999999999999911 -1.7320508075688791e-15 -0.49999999999999911 0.86602540378443926 -9.999999999999985e-16 2.0000000000000005e-15 0 -1.0000000000000002</Rotation>
<Translation>1.4771692036525621 -2.3299321121022949 0</Translation>
</Transform>
</Instance>
<Instance name="3-134056_CARDANHUIS_A_SW0002.stp-6" uid="3-134056_CARDANHUIS_A_SW0002.stp-6" grounded="true" entityUid="3-134056_CARDANHUIS_A_SW0002.stp*:*Default">
<Transform>
<Rotation>-0.86602540378443837 -0.50000000000000022 -1.232050807568877e-15 0.50000000000000022 -0.86602540378443837 1.8660254037844396e-15 -2.0000000000000009e-15 1.0000000000000005e-15 0.99999999999999978</Rotation>
<Translation>1.477169203652563 2.3299321121022949 0</Translation>
</Transform>
</Instance>
<Instance name="DIN 933 - replaced by DIN EN 24017 M6  x 25.stp-1" uid="DIN 933 - replaced by DIN EN 24017 M6  x 25.stp-1" grounded="true" entityUid="DIN 933 - replaced by DIN EN 24017 M6  x 25.stp*:*Default">
<Transform>
<Rotation>2.0000000000000002e-15 0 1 0 1 0 -1 0 2.0000000000000002e-15</Rotation>
<Translation>-2.3551649999999982 -0.23999999999999699 -0.16499999999999901</Translation>
</Transform>
</Instance>
<Instance name="3-134056_CARDANHUIS_A_SW0002.stp-4" uid="3-134056_CARDANHUIS_A_SW0002.stp-4" grounded="true" entityUid="3-134056_CARDANHUIS_A_SW0002.stp*:*Default">
<Transform>
<Rotation>0.86602540378443871 -0.49999999999999983 2.2320508075688765e-15 0.49999999999999983 0.86602540378443871 1.3397459621556084e-16 -1.9999999999999994e-15 9.9999999999999968e-16 1</Rotation>
<Translation>1.279195796347439 -2.4442321121022959 0</Translation>
</Transform>
</Instance>
<Instance name="DIN 7980 - withdrawn 6.stp-1" uid="DIN 7980 - withdrawn 6.stp-1" grounded="true" entityUid="DIN 7980 - withdrawn 6.stp*:*Default">
<Transform>
<Rotation>-2.0000000000000002e-15 -3.7e-14 -1 0 1 -3.7e-14 1 0 -2.0000000000000002e-15</Rotation>
<Translation>-2.3551649999999982 -0.23999999999999699 -0.166599999999999</Translation>
</Transform>
</Instance>
<Instance name="3-134056_CARDAN_STEUN.stp-2" uid="3-134056_CARDAN_STEUN.stp-2" grounded="true" entityUid="3-134056_CARDAN_STEUN.stp*:*Default">
<Transform>
<Rotation>-0.86602540378443871 0.49999999999999983 0 -0.49999999999999983 -0.86602540378443871 0 0 0 1</Rotation>
<Translation>1.40366920365256 -2.2026263777459811 0</Translation>
</Transform>
</Instance>
<Instance name="3-134056_CARDAN_STEUN.stp-3" uid="3-134056_CARDAN_STEUN.stp-3" grounded="true" entityUid="3-134056_CARDAN_STEUN.stp*:*Default">
<Transform>
<Rotation>0.86602540378443837 0.50000000000000022 0 -0.50000000000000022 0.86602540378443837 0 0 0 0.99999999999999978</Rotation>
<Translation>1.2056957963474391 2.3169263777459799 0</Translation>
</Transform>
</Instance>
<Instance name="3-134056_CARDANHUIS_A_SW0002.stp-5" uid="3-134056_CARDANHUIS_A_SW0002.stp-5" grounded="true" entityUid="3-134056_CARDANHUIS_A_SW0002.stp*:*Default">
<Transform>
<Rotation>0.86602540378443804 -0.500000000000001 2.0000000000000002e-15 -0.500000000000001 -0.86602540378443804 -1.0000000000000001e-15 2.0000000000000002e-15 0 -1</Rotation>
<Translation>1.2791957963474401 2.4442321121022941 0</Translation>
</Transform>
</Instance>
<Instance name="DIN 933 - replaced by DIN EN 24017 M6  x 25.stp-2" uid="DIN 933 - replaced by DIN EN 24017 M6  x 25.stp-2" grounded="true" entityUid="DIN 933 - replaced by DIN EN 24017 M6  x 25.stp*:*Default">
<Transform>
<Rotation>2.0000000000000002e-15 0 1 0 1 0 -1 0 2.0000000000000002e-15</Rotation>
<Translation>-2.3551649999999991 2.9999999999999998e-15 -0.16499999999999901</Translation>
</Transform>
</Instance>
<Instance name="DIN 933 - replaced by DIN EN 24017 M6  x 25.stp-3" uid="DIN 933 - replaced by DIN EN 24017 M6  x 25.stp-3" grounded="true" entityUid="DIN 933 - replaced by DIN EN 24017 M6  x 25.stp*:*Default">
<Transform>
<Rotation>2.0000000000000002e-15 0 1 0 1 0 -1 0 2.0000000000000002e-15</Rotation>
<Translation>-2.355165 0.24000000000000299 -0.16499999999999901</Translation>
</Transform>
</Instance>
<Instance name="DIN 7980 - withdrawn 6.stp-2" uid="DIN 7980 - withdrawn 6.stp-2" grounded="true" entityUid="DIN 7980 - withdrawn 6.stp*:*Default">
<Transform>
<Rotation>-2.0000000000000002e-15 -3.7e-14 -1 0 1 -3.7e-14 1 0 -2.0000000000000002e-15</Rotation>
<Translation>-2.3551649999999991 2.9999999999999998e-15 -0.166599999999999</Translation>
</Transform>
</Instance>
<Instance name="DIN 7980 - withdrawn 6.stp-3" uid="DIN 7980 - withdrawn 6.stp-3" grounded="true" entityUid="DIN 7980 - withdrawn 6.stp*:*Default">
<Transform>
<Rotation>-2.0000000000000002e-15 -3.7e-14 -1 0 1 -3.7e-14 1 0 -2.0000000000000002e-15</Rotation>
<Translation>-2.355165 0.24000000000000299 -0.166599999999999</Translation>
</Transform>
</Instance>
</Instance>
<Instance name="_3-133725_PISTONROD_AS_SW0001_1.stp-5" uid="_3-133725_PISTONROD_AS_SW0001_1.stp-5" grounded="true" entityUid="_3-133725_PISTONROD_AS_SW0001_1.stp*:*Default">
<Transform>
<Rotation>0.32092739973367296 -0.78750730895360932 0.52615382013706591 0.74807740354988184 -0.12993500531461621 -0.65076654238824982 0.58084920796903083 0.60245259791832195 0.54741671956856996</Rotation>
<Translation>0.61244073124258702 2.1445873550683339 0.667499650357398</Translation>
</Transform>
</Instance>
<Instance name="3-134056_CARDANAS_SUB_SW0002_1.stp-10" uid="3-134056_CARDANAS_SUB_SW0002_1.stp-10" grounded="true" entityUid="3-134056_CARDANAS_SUB_SW0002_1.stp*:*Default">
<Transform>
<Rotation>0 1 0 0.69860206360773403 0 -0.71551041692138595 -0.71551041692138595 0 -0.69860206360773403</Rotation>
<Translation>-2.6013400000000009 0.114299999999999 0.25</Translation>
</Transform>
</Instance>
<Instance name="Actuator_Derived.stp-6" uid="Actuator_Derived.stp-6" grounded="true" entityUid="Actuator_Derived.stp*:*Default">
<Transform>
<Rotation>0.74490130527411302 -0.60500712928058598 0.281226632665875 0.56570869708254901 0.34930102895178899 -0.74696884889423998 0.35368872677269098 0.71551042249074603 0.60245258723075201</Rotation>
<Translation>1.356156703652563 2.1203323137513661 0.250000000000001</Translation>
</Transform>
</Instance>
<Instance name="_3-133725_PISTONROD_AS_SW0001_1.stp-4" uid="_3-133725_PISTONROD_AS_SW0001_1.stp-4" grounded="true" entityUid="_3-133725_PISTONROD_AS_SW0001_1.stp*:*Default">
<Transform>
<Rotation>-0.80831773950622599 0.50628066951072204 -0.30050343705076005 0.096107431325634998 0.61703383327094197 0.78104584388047016 0.58084920043289501 0.60245259753672098 -0.54741672798492758</Rotation>
<Translation>-2.1634874960290711 0.54190444645676294 0.66749965009294898</Translation>
</Transform>
</Instance>
<Instance name="3-134056_CARDANAS_SUB_SW0002_1.stp-5" uid="3-134056_CARDANAS_SUB_SW0002_1.stp-5" grounded="true" entityUid="3-134056_CARDANAS_SUB_SW0002_1.stp*:*Default">
<Transform>
<Rotation>-0.32092739973367296 -0.38302221649939977 0.86619835243901844 -0.74807740354988184 0.66341395995796781 0.016189997867666311 -0.58084920796903083 -0.64278760053440254 -0.49943798233712133</Rotation>
<Translation>-0.92357793906752805 1.82828391342657 1.924400623676495</Translation>
</Transform>
</Instance>
<Instance name="_3-133725_PISTONROD_AS_SW0001_1.stp-2" uid="_3-133725_PISTONROD_AS_SW0001_1.stp-2" grounded="true" entityUid="_3-133725_PISTONROD_AS_SW0001_1.stp*:*Default">
<Transform>
<Rotation>0.32092737008147793 -0.7875073224844964 -0.52615381797140404 -0.74807742408574585 0.12993500531843941 -0.65076651878083891 0.58084919790408684 0.60245258023034187 -0.54741674971449517</Rotation>
<Translation>0.61244072186568199 -2.1445873550656862 0.66749963809962698</Translation>
</Transform>
</Instance>
<Instance name="3-134056_CARDANAS_SUB_SW0002_1.stp-1" uid="3-134056_CARDANAS_SUB_SW0002_1.stp-1" grounded="true" entityUid="3-134056_CARDANAS_SUB_SW0002_1.stp*:*Default">
<Transform>
<Rotation>-0.48731115401173891 0.76604444178433662 -0.41917031429607632 0.6521132444935569 7.1303518099778443e-10 -0.75812157096081001 -0.58075481533245488 -0.64278761127710304 -0.49954772670570941</Rotation>
<Translation>2.0451292653946931 -0.114300029641381 1.9244005930422401</Translation>
</Transform>
</Instance>
<Instance name="3-134056_CARDANAS_SUB_SW0002_1.stp-3" uid="3-134056_CARDANAS_SUB_SW0002_1.stp-3" grounded="true" entityUid="3-134056_CARDANAS_SUB_SW0002_1.stp*:*Default">
<Transform>
<Rotation>0.80840221376782395 -0.38302222928885832 -0.44696737313351481 0.095967211611222999 -0.66341393637990731 0.7420729366527814 -0.58075481493557002 -0.64278761724811517 -0.49954771948397714</Rotation>
<Translation>-1.121551380517009 -1.713983913569574 1.924400579466508</Translation>
</Transform>
</Instance>
<Instance name="3-134056_CARDANAS_SUB_SW0002_1.stp-9" uid="3-134056_CARDANAS_SUB_SW0002_1.stp-9" grounded="true" entityUid="3-134056_CARDANAS_SUB_SW0002_1.stp*:*Default">
<Transform>
<Rotation>0 1 0 -0.69865586700546667 0 -0.71545788100966468 -0.71545788100966468 0 0.69865586700546667</Rotation>
<Translation>-2.60134 -0.1143 0.25</Translation>
</Transform>
</Instance>
<Instance name="3-134056_CARDANAS_SUB_SW0002_1.stp-12" uid="3-134056_CARDANAS_SUB_SW0002_1.stp-12" grounded="true" entityUid="3-134056_CARDANAS_SUB_SW0002_1.stp*:*Default">
<Transform>
<Rotation>-0.60500712928058598 -0.49999999999999989 0.61965020254952263 0.34930102895178899 -0.86602540378443871 -0.35775521124537291 0.71551042249074603 0 0.6986020579035781</Rotation>
<Translation>1.3996567036525629 2.195676523880612 0.25</Translation>
</Transform>
</Instance>
<Instance name="02-21-1100-ADM-1000-Platform_Weges Only.stp-1" uid="02-21-1100-ADM-1000-Platform_Weges Only.stp-1" grounded="true" entityUid="02-21-1100-ADM-1000-Platform_Weges Only.stp" rigid="true">
<Transform>
<Rotation>1 9.6391220261550228e-09 2.0763318785784377e-09 -9.6391220000000003e-09 0.99999999999999989 -1.2596745020014015e-08 -2.0763319999999998e-09 1.2596744999999998e-08 1</Rotation>
<Translation>-1.8179362e-08 -9.2238889999999998e-09 1.868494146375929</Translation>
</Transform>
<Instance name="UJP.stp-1" uid="UJP.stp-1" grounded="true" entityUid="UJP.stp" rigid="true">
<Transform>
<Rotation>1 0 0 0 1 0 0 0 1</Rotation>
<Translation>0 0 0</Translation>
</Transform>
</Instance>
<Instance name="03-21-1310-ADM-Platform Wedge.stp-1" uid="03-21-1310-ADM-Platform Wedge.stp-1" grounded="true" entityUid="03-21-1310-ADM-Platform Wedge.stp" rigid="true">
<Transform>
<Rotation>-1 -1.2000000001855519e-14 0 -1.1999999999920926e-14 1 -1.0000000001533352e-14 0 -9.9999999998789903e-15 -1.0000000000000002</Rotation>
<Translation>2.3367657851008601 8.9999999979058578e-15 0.43700037831009486</Translation>
</Transform>
<Instance name="03-21-1310-ADM-Platform Wedge-0.stp-1" uid="03-21-1310-ADM-Platform Wedge-0.stp-1" grounded="true" entityUid="03-21-1310-ADM-Platform Wedge-0.stp*:*Default">
<Transform>
<Rotation>1 0 0 0 1 0 0 0 1</Rotation>
<Translation>0 0 0</Translation>
</Transform>
</Instance>
<Instance name="02-21-1310-PDM-0010-Washer.stp-3" uid="02-21-1310-PDM-0010-Washer.stp-3" grounded="true" entityUid="02-21-1310-PDM-0010-Washer.stp*:*Default">
<Transform>
<Rotation>1 0 0 0 -1 0 0 0 -1.0000000000000002</Rotation>
<Translation>0.15649999999999986 0.1905 0.041999999999999815</Translation>
</Transform>
</Instance>
<Instance name="02-21-1310-PDM-0001-Pin.stp-1" uid="02-21-1310-PDM-0001-Pin.stp-1" grounded="true" entityUid="02-21-1310-PDM-0001-Pin.stp*:*Default">
<Transform>
<Rotation>-0.8856150426723316 -0.46442006437328326 0 -0.4644200643732832 0.88561504267233149 0 0 0 -1.0000000000000002</Rotation>
<Translation>0.22499999999999964 0 0.008999999999999897</Translation>
</Transform>
</Instance>
<Instance name="02-21-1310-PDM-0010-Washer.stp-4" uid="02-21-1310-PDM-0010-Washer.stp-4" grounded="true" entityUid="02-21-1310-PDM-0010-Washer.stp*:*Default">
<Transform>
<Rotation>1 0 0 0 -1 0 0 0 -1.0000000000000002</Rotation>
<Translation>0.15649999999999986 -0.19049999999999997 0.041999999999999815</Translation>
</Transform>
</Instance>
<Instance name="03-21-1310-PDM-Midplate.stp-1" uid="03-21-1310-PDM-Midplate.stp-1" grounded="true" entityUid="03-21-1310-PDM-Midplate.stp*:*Default">
<Transform>
<Rotation>1 0 0 0 0 -1 0 1.0000000000000002 0</Rotation>
<Translation>0.13529880551779794 0.26500000000000096 0.059308297482951744</Translation>
</Transform>
</Instance>
<Instance name="02-21-1310-PDM-0010-Washer.stp-1" uid="02-21-1310-PDM-0010-Washer.stp-1" grounded="true" entityUid="02-21-1310-PDM-0010-Washer.stp*:*Default">
<Transform>
<Rotation>1 0 0 0 -1 0 0 0 -1.0000000000000002</Rotation>
<Translation>0.32182999999999984 0.1905 0.041999999999999815</Translation>
</Transform>
</Instance>
<Instance name="02-21-1310-PDM-0010-Washer.stp-2" uid="02-21-1310-PDM-0010-Washer.stp-2" grounded="true" entityUid="02-21-1310-PDM-0010-Washer.stp*:*Default">
<Transform>
<Rotation>1 0 0 0 -1 0 0 0 -1.0000000000000002</Rotation>
<Translation>0.32182999999999984 -0.19049999999999997 0.041999999999999815</Translation>
</Transform>
</Instance>
</Instance>
<Instance name="03-21-1310-ADM-Platform Wedge.stp-2" uid="03-21-1310-ADM-Platform Wedge.stp-2" grounded="true" entityUid="03-21-1310-ADM-Platform Wedge.stp" rigid="true">
<Transform>
<Rotation>0.5000000000000111 -0.86602540378443227 8.6602540372058637e-15 -0.86602540378443216 -0.50000000000001121 5.0000000015938564e-15 0 -9.9999999998789903e-15 -1</Rotation>
<Translation>-1.1683828925504369 2.0236985325916272 0.43700037831009531</Translation>
</Transform>
<Instance name="03-21-1310-ADM-Platform Wedge-0.stp-1" uid="03-21-1310-ADM-Platform Wedge-0.stp-1" grounded="true" entityUid="03-21-1310-ADM-Platform Wedge-0.stp*:*Default">
<Transform>
<Rotation>1 0 0 0 1 0 0 0 1</Rotation>
<Translation>0 0 0</Translation>
</Transform>
</Instance>
<Instance name="02-21-1310-PDM-0010-Washer.stp-3" uid="02-21-1310-PDM-0010-Washer.stp-3" grounded="true" entityUid="02-21-1310-PDM-0010-Washer.stp*:*Default">
<Transform>
<Rotation>1 0 0 0 -1 0 0 0 -0.99999999999999989</Rotation>
<Translation>0.15650000000000031 0.19049999999999981 0.041999999999999815</Translation>
</Transform>
</Instance>
<Instance name="02-21-1310-PDM-0001-Pin.stp-1" uid="02-21-1310-PDM-0001-Pin.stp-1" grounded="true" entityUid="02-21-1310-PDM-0001-Pin.stp*:*Default">
<Transform>
<Rotation>-0.88561504267233149 -0.4644200643732832 0 -0.4644200643732832 0.8856150426723316 0 0 0 -1</Rotation>
<Translation>0.22500000000000009 0 0.008999999999999897</Translation>
</Transform>
</Instance>
<Instance name="02-21-1310-PDM-0010-Washer.stp-4" uid="02-21-1310-PDM-0010-Washer.stp-4" grounded="true" entityUid="02-21-1310-PDM-0010-Washer.stp*:*Default">
<Transform>
<Rotation>1 0 0 0 -1 0 0 0 -0.99999999999999989</Rotation>
<Translation>0.15650000000000031 -0.19049999999999997 0.042000000000000259</Translation>
</Transform>
</Instance>
<Instance name="03-21-1310-PDM-Midplate.stp-1" uid="03-21-1310-PDM-Midplate.stp-1" grounded="true" entityUid="03-21-1310-PDM-Midplate.stp*:*Default">
<Transform>
<Rotation>1 0 0 0 0 -1 0 0.99999999999999989 0</Rotation>
<Translation>0.13529880551779794 0.26500000000000096 0.059308297482952188</Translation>
</Transform>
</Instance>
<Instance name="02-21-1310-PDM-0010-Washer.stp-1" uid="02-21-1310-PDM-0010-Washer.stp-1" grounded="true" entityUid="02-21-1310-PDM-0010-Washer.stp*:*Default">
<Transform>
<Rotation>1 0 0 0 -1 0 0 0 -0.99999999999999989</Rotation>
<Translation>0.32183000000000028 0.19049999999999995 0.041999999999999815</Translation>
</Transform>
</Instance>
<Instance name="02-21-1310-PDM-0010-Washer.stp-2" uid="02-21-1310-PDM-0010-Washer.stp-2" grounded="true" entityUid="02-21-1310-PDM-0010-Washer.stp*:*Default">
<Transform>
<Rotation>1 0 0 0 -1 0 0 0 -0.99999999999999989</Rotation>
<Translation>0.32182999999999984 -0.19050000000000009 0.041999999999999815</Translation>
</Transform>
</Instance>
</Instance>
<Instance name="03-21-1310-ADM-Platform Wedge.stp-3" uid="03-21-1310-ADM-Platform Wedge.stp-3" grounded="true" entityUid="03-21-1310-ADM-Platform Wedge.stp" rigid="true">
<Transform>
<Rotation>0.49999999999998901 0.86602540378444504 -8.6602540385668317e-15 0.86602540378444492 -0.49999999999998901 4.9999999985066658e-15 0 -9.9999999998789887e-15 -1</Rotation>
<Translation>-1.168382892550422 -2.023698532591637 0.43700037831009531</Translation>
</Transform>
<Instance name="03-21-1310-ADM-Platform Wedge-0.stp-1" uid="03-21-1310-ADM-Platform Wedge-0.stp-1" grounded="true" entityUid="03-21-1310-ADM-Platform Wedge-0.stp*:*Default">
<Transform>
<Rotation>1 0 0 0 1 0 0 0 1</Rotation>
<Translation>0 0 0</Translation>
</Transform>
</Instance>
<Instance name="02-21-1310-PDM-0010-Washer.stp-3" uid="02-21-1310-PDM-0010-Washer.stp-3" grounded="true" entityUid="02-21-1310-PDM-0010-Washer.stp*:*Default">
<Transform>
<Rotation>1 0 0 0 -1 0 -1.6987298034999707e-16 2.942286352303958e-16 -0.99999999999999989</Rotation>
<Translation>0.15650000000000031 0.1905 0.041999999999999815</Translation>
</Transform>
</Instance>
<Instance name="02-21-1310-PDM-0001-Pin.stp-1" uid="02-21-1310-PDM-0001-Pin.stp-1" grounded="true" entityUid="02-21-1310-PDM-0001-Pin.stp*:*Default">
<Transform>
<Rotation>-0.88561504267233127 -0.46442006437328331 -1.6987298034999707e-16 -0.46442006437328331 0.88561504267233138 -2.9422863357603458e-16 2.8708774795680619e-16 -1.8168088598687926e-16 -0.99999999999999989</Rotation>
<Translation>0.22500000000000053 0 0.008999999999999897</Translation>
</Transform>
</Instance>
<Instance name="02-21-1310-PDM-0010-Washer.stp-4" uid="02-21-1310-PDM-0010-Washer.stp-4" grounded="true" entityUid="02-21-1310-PDM-0010-Washer.stp*:*Default">
<Transform>
<Rotation>1 0 0 0 -1 0 -1.6987298034999707e-16 2.942286352303958e-16 -0.99999999999999989</Rotation>
<Translation>0.15650000000000031 -0.19049999999999992 0.041999999999999815</Translation>
</Transform>
</Instance>
<Instance name="03-21-1310-PDM-Midplate.stp-1" uid="03-21-1310-PDM-Midplate.stp-1" grounded="true" entityUid="03-21-1310-PDM-Midplate.stp*:*Default">
<Transform>
<Rotation>1 0 0 0 0 -1 -1.6987298034999707e-16 0.99999999999999989 2.942286352303958e-16</Rotation>
<Translation>0.13529880551779838 0.26500000000000129 0.059308297482951744</Translation>
</Transform>
</Instance>
<Instance name="02-21-1310-PDM-0010-Washer.stp-1" uid="02-21-1310-PDM-0010-Washer.stp-1" grounded="true" entityUid="02-21-1310-PDM-0010-Washer.stp*:*Default">
<Transform>
<Rotation>1 0 0 0 -1 0 -1.6987298034999707e-16 2.942286352303958e-16 -0.99999999999999989</Rotation>
<Translation>0.32183000000000028 0.1905000000000002 0.041999999999999815</Translation>
</Transform>
</Instance>
<Instance name="02-21-1310-PDM-0010-Washer.stp-2" uid="02-21-1310-PDM-0010-Washer.stp-2" grounded="true" entityUid="02-21-1310-PDM-0010-Washer.stp*:*Default">
<Transform>
<Rotation>1 0 0 0 -1 0 -1.6987298034999707e-16 2.942286352303958e-16 -0.99999999999999989</Rotation>
<Translation>0.32183000000000028 -0.19049999999999984 0.041999999999999815</Translation>
</Transform>
</Instance>
</Instance>
</Instance>
<Instance name="Actuator_Derived.stp-3" uid="Actuator_Derived.stp-3" grounded="true" entityUid="Actuator_Derived.stp*:*Default">
<Transform>
<Rotation>-0.86245709028418027 -1.9150394387694287e-16 0.50613018821104239 -0.36211483197249505 -0.69865586700546678 -0.61705172227648064 0.35361082546222605 -0.71545788100966456 0.60256070616750601</Rotation>
<Translation>-2.5143400000000011 -0.1143 0.25</Translation>
</Transform>
</Instance>
<Instance name="Actuator_Derived.stp-2" uid="Actuator_Derived.stp-2" grounded="true" entityUid="Actuator_Derived.stp*:*Default">
<Transform>
<Rotation>0.11746745092962603 0.60500711979727595 -0.78750732248449629 -0.92795780582475818 0.34930102347659608 0.12993500531843924 0.35368871706770105 0.71551043318235896 0.60245258023034198</Rotation>
<Translation>1.158183296347439 -2.2346323137513648 0.25</Translation>
</Transform>
</Instance>
<Instance name="Actuator_Derived.stp-1" uid="Actuator_Derived.stp-1" grounded="true" entityUid="Actuator_Derived.stp*:*Default">
<Transform>
<Rotation>0.74482918699384315 0.6050537375544901 0.2813173597086267 -0.56585233000465407 0.34932793825127295 0.7468474624616589 0.35361083528420706 -0.71545787173561604 0.60256071141516376</Rotation>
<Translation>1.356156703652561 -2.1203323137513639 0.249999999999999</Translation>
</Transform>
</Instance>
<Instance name="02-1100-ADM-Upper Joints Assy.iam (LevelofDetail1).stp-1" uid="02-1100-ADM-Upper Joints Assy.iam (LevelofDetail1).stp-1" grounded="true" entityUid="02-1100-ADM-Upper Joints Assy.iam (LevelofDetail1).stp" rigid="true">
<Transform>
<Rotation>1 9.6391220000000003e-09 2.0763319999999998e-09 -9.6391220000000003e-09 1 -1.2596745e-08 -2.0763319999999998e-09 1.2596745e-08 1</Rotation>
<Translation>-1.8179362e-08 -9.2238889999999998e-09 1.868494146375929</Translation>
</Transform>
<Instance name="03-21-1300-PDM-Cardan Block Key.stp-1" uid="03-21-1300-PDM-Cardan Block Key.stp-1" grounded="true" entityUid="03-21-1300-PDM-Cardan Block Key.stp*:*Default">
<Transform>
<Rotation>0.76604444311898001 -2.0308745308062843e-15 0.64278760968653703 -1.0329006740860657e-15 1.0000000000000002 4.3497529911936763e-15 -0.64278760968653703 -3.9760258454337954e-15 0.76604444311898012</Rotation>
<Translation>1.8851980426808903 -0.13969805884933811 0.33892112941062513</Translation>
</Transform>
</Instance>
<Instance name="03-21-1300-PDM-Cardan Block Key.stp-3" uid="03-21-1300-PDM-Cardan Block Key.stp-3" grounded="true" entityUid="03-21-1300-PDM-Cardan Block Key.stp*:*Default">
<Transform>
<Rotation>-1.0261550250581112e-15 -0.7660444431189809 0.64278760968653592 1.0000000000000002 -7.6604444125050715e-16 6.4278760813274018e-16 0 0.64278760968653592 0.76604444311898101</Rotation>
<Translation>2.0057012963624352 0.0035922331051899533 0.23780689369077712</Translation>
</Transform>
</Instance>
<Instance name="3-134056_CARDANHUIS_A_SW0002.stp-1" uid="3-134056_CARDANHUIS_A_SW0002.stp-1" grounded="true" entityUid="3-134056_CARDANHUIS_A_SW0002.stp*:*Default">
<Transform>
<Rotation>0 0.76604444311897713 -0.64278760968654025 1 0 0 0 -0.64278760968654025 -0.76604444311897713</Rotation>
<Translation>1.9263732447652075 -0.11430000000000207 0.15555460154414225</Translation>
</Transform>
</Instance>
<Instance name="3-134056_CARDAN_STEUN.stp-1" uid="3-134056_CARDAN_STEUN.stp-1" grounded="true" entityUid="3-134056_CARDAN_STEUN.stp*:*Default">
<Transform>
<Rotation>1.0261550258685307e-15 -0.76604444311897713 -0.64278760968654025 -1 4.8663010223978798e-16 -2.1763569964049872e-15 1.9799859835593787e-15 0.64278760968654025 -0.76604444311897713</Rotation>
<Translation>2.0389817779036972 0.11429999999999897 0.061064822920221307</Translation>
</Transform>
</Instance>
<Instance name="3-134056_CARDANHUIS_A_SW0002.stp-2" uid="3-134056_CARDANHUIS_A_SW0002.stp-2" grounded="true" entityUid="3-134056_CARDANHUIS_A_SW0002.stp*:*Default">
<Transform>
<Rotation>0 0.76604444311897679 0.64278760968654092 -1.0000000000000002 0 0 0 -0.64278760968654092 0.7660444431189769</Rotation>
<Translation>1.9263732447652062 0.11429999999999998 0.15555460154414447</Translation>
</Transform>
</Instance>
<Instance name="03-21-1300-PDM-Cardan Block Key.stp-2" uid="03-21-1300-PDM-Cardan Block Key.stp-2" grounded="true" entityUid="03-21-1300-PDM-Cardan Block Key.stp*:*Default">
<Transform>
<Rotation>0.76604444311898001 -2.0308745308062843e-15 0.64278760968653703 -1.0329006740860657e-15 1.0000000000000002 4.3497529911936763e-15 -0.64278760968653703 -3.9760258454337954e-15 0.76604444311898012</Rotation>
<Translation>1.8851980426808912 0.090901941150661983 0.33892112941062424</Translation>
</Transform>
</Instance>
<Instance name="M24x80.stp-3" uid="M24x80.stp-3" grounded="true" entityUid="M24x80.stp*:*Default">
<Transform>
<Rotation>0.64278760968653703 -2.1424066301914572e-15 -0.7660444431189799 2.9985194982067154e-15 1.0000000000000002 -2.4651367119861761e-16 0.76604444311898001 -2.1185292484003852e-15 0.64278760968653692</Rotation>
<Translation>1.8842155746461822 -0.24000000000000207 0.29666707742822429</Translation>
</Transform>
</Instance>
<Instance name="3-134056_CARDANHUIS_A_SW0002.stp-5" uid="3-134056_CARDANHUIS_A_SW0002.stp-5" grounded="true" entityUid="3-134056_CARDANHUIS_A_SW0002.stp*:*Default">
<Transform>
<Rotation>0.86602540378443804 -0.38302222155948934 0.3213938048432709 -0.500000000000001 -0.66341394816893728 0.55667039922641992 0 -0.64278760968654036 -0.76604444311897724</Rotation>
<Translation>-1.0621733260351669 -1.6111381671373275 0.15555460154414269</Translation>
</Transform>
</Instance>
<Instance name="03-21-1300-PDM-Cardan Block Key.stp-8" uid="03-21-1300-PDM-Cardan Block Key.stp-8" grounded="true" entityUid="03-21-1300-PDM-Cardan Block Key.stp*:*Default">
<Transform>
<Rotation>-0.38302222155949095 0.8660254037844396 -0.32139380484326485 -0.66341394816893984 -0.4999999999999985 -0.55667039922641914 -0.64278760968653681 -3.6587920451645178e-15 0.76604444311898012</Rotation>
<Translation>-0.86387563105065412 -1.6780803667016815 0.33892112941062424</Translation>
</Transform>
</Instance>
<Instance name="M24x80.stp-14" uid="M24x80.stp-14" grounded="true" entityUid="M24x80.stp*:*Default">
<Transform>
<Rotation>-0.32139380484326613 0.86602540378443926 0.38302222155949056 -0.55667039922641837 -0.49999999999999895 0.66341394816894028 0.76604444311898046 -2.155034674361151e-15 0.6427876096865367</Rotation>
<Translation>-1.1911287730490039 -1.5830955532780495 0.2275674093869211</Translation>
</Transform>
</Instance>
<Instance name="3-134056_CARDANHUIS_A_SW0002.stp-4" uid="3-134056_CARDANHUIS_A_SW0002.stp-4" grounded="true" entityUid="3-134056_CARDANHUIS_A_SW0002.stp*:*Default">
<Transform>
<Rotation>0.86602540378443871 -0.38302222155948812 -0.32139380484327057 0.49999999999999994 0.66341394816893717 0.55667039922642114 1.1516116517751251e-16 -0.64278760968654114 0.76604444311897646</Rotation>
<Translation>-1.0621733260351649 1.6111381671373275 0.15555460154414313</Translation>
</Transform>
</Instance>
<Instance name="M24x80.stp-17" uid="M24x80.stp-17" grounded="true" entityUid="M24x80.stp*:*Default">
<Transform>
<Rotation>-0.32139380484326613 0.86602540378443926 0.38302222155949056 -0.55667039922641837 -0.49999999999999895 0.66341394816894028 0.76604444311898046 -2.155034674361151e-15 0.6427876096865367</Rotation>
<Translation>-0.77543657923247311 -1.8230955532780484 0.2275674093869211</Translation>
</Transform>
</Instance>
<Instance name="03-21-1300-PDM-Cardan Block Key.stp-4" uid="03-21-1300-PDM-Cardan Block Key.stp-4" grounded="true" entityUid="03-21-1300-PDM-Cardan Block Key.stp*:*Default">
<Transform>
<Rotation>-0.38302222155948895 -0.8660254037844376 -0.32139380484327235 0.66341394816894084 -0.50000000000000167 0.55667039922641481 -0.64278760968653681 -4.3134308270426932e-15 0.76604444311898012</Rotation>
<Translation>-0.82161695351754416 1.7024784255510221 0.3389211294106238</Translation>
</Transform>
</Instance>
<Instance name="M24x80.stp-4" uid="M24x80.stp-4" grounded="true" entityUid="M24x80.stp*:*Default">
<Transform>
<Rotation>0.64278760968653703 -2.1424066301914572e-15 -0.7660444431189799 2.9985194982067154e-15 1.0000000000000002 -2.4651367119861761e-16 0.76604444311898001 -2.1185292484003852e-15 0.64278760968653692</Rotation>
<Translation>2.0412546854855735 0.23999999999999899 0.16489561744248316</Translation>
</Transform>
</Instance>
<Instance name="03-21-1300-PDM-Cardan Block Key.stp-6" uid="03-21-1300-PDM-Cardan Block Key.stp-6" grounded="true" entityUid="03-21-1300-PDM-Cardan Block Key.stp*:*Default">
<Transform>
<Rotation>-0.86602540378443837 0.38302222155949039 -0.32139380484326863 -0.50000000000000044 -0.66341394816894017 0.55667039922641715 -1.1516116517751251e-16 0.64278760968653681 0.76604444311898001</Rotation>
<Translation>-1.0059616133066269 1.7351921585006553 0.23780689369077712</Translation>
</Transform>
</Instance>
<Instance name="3-134056_CARDAN_STEUN.stp-3" uid="3-134056_CARDAN_STEUN.stp-3" grounded="true" entityUid="3-134056_CARDAN_STEUN.stp*:*Default">
<Transform>
<Rotation>-0.86602540378443882 0.38302222155948973 0.32139380484326857 0.49999999999999994 0.6634139481689374 0.55667039922642092 1.9048528525381935e-15 0.64278760968654014 -0.76604444311897746</Rotation>
<Translation>-0.92050418529928901 -1.8229600175181604 0.061064822920219974</Translation>
</Transform>
</Instance>
<Instance name="3-134056_CARDANHUIS_A_SW0002.stp-3" uid="3-134056_CARDANHUIS_A_SW0002.stp-3" grounded="true" entityUid="3-134056_CARDANHUIS_A_SW0002.stp*:*Default">
<Transform>
<Rotation>-0.86602540378443904 -0.38302222155948773 0.32139380484326979 -0.49999999999999911 0.66341394816893784 -0.55667039922642092 -1.1516116683187373e-16 -0.6427876096865407 -0.76604444311897668</Rotation>
<Translation>-0.86419991873004021 1.7254381671373293 0.1555546015441418</Translation>
</Transform>
</Instance>
<Instance name="3-134056_CARDAN_STEUN.stp-2" uid="3-134056_CARDAN_STEUN.stp-2" grounded="true" entityUid="3-134056_CARDAN_STEUN.stp*:*Default">
<Transform>
<Rotation>0.86602540378443804 0.38302222155948806 0.3213938048432724 0.50000000000000122 -0.66341394816893762 -0.55667039922641948 2.1151611649878744e-15 0.6427876096865407 -0.76604444311897679</Rotation>
<Translation>-1.1184775926044079 1.7086600175181634 0.061064822920221085</Translation>
</Transform>
</Instance>
